/*********************************************
 * OPL 20.1.0.0 Data
 * Author: gabid
 * Creation Date: 22 de mai de 2024 at 12:08:15
 *********************************************/
 nL = 28; //nº de lotes
 nT = 4;  //nº de talhões
 nV = 8;  //nº de veiculos
 nE = 3;  //nº de empilhadeiras
 TC = 0.5;  //Tempo de Carregamento
 
 qT = [7, 7, 7, 7]; //quantidade de lotes por talhão
 
LE = [ 
[0,	0,	0,	0,	0,	0,	0,	0,	0,	0,	0,	0,	0,	0,	0,	0,	0,	0,	0,	0,	0,	0, 	0, 	0, 	0, 	0,	0, 	0],
[1,	1,	1,	1,	1,	1,	1,	0,	0,	0,	0,	0,	0,	0,	0,	0,	0,	0,	0,	0,	0,	0, 	0, 	0, 	0, 	0,	0, 	0],
[0,	0,	0,	0,	0,	0,	0,	1,	1,	1,	1,	1,	1,	1,	0,	0,	0,	0,	0,	0,	0,	0, 	0, 	0, 	0, 	0,	0, 	0],
[0,	0,	0,	0,	0,	0,	0,	0,	0,	0,	0,	0,	0,	0,	1,	1,	1,	1,	1,	1,	1,	0, 	0, 	0, 	0, 	0,	0, 	0],
[0,	0,	0,	0,	0,	0,	0,	0,	0,	0,	0,	0,	0,	0,	0,	0,	0,	0,	0,	0,	0,	1, 	1, 	1, 	1, 	1,	1, 	1],
[0,	0,	0,	0,	0,	0,	0,	0,	0,	0,	0,	0,	0,	0,	0,	0,	0,	0,	0,	0,	0,	0, 	0, 	0, 	0, 	0,	0, 	0]
 ];
 
 Tida = [2, 2, 2, 2, 2, 2, 2, 1.5, 1.5, 1.5, 1.5, 1.5, 1.5, 1.5, 3, 3, 3, 3, 3, 3 ,3, 4, 4, 4, 4, 4, 4, 4];  // 	tempo de ida do veículo
 
 
 De = [
 [0,  0,  0,  0,  0, 0],
 [0,  0, 10, 12,  8, 0],
 [0, 10,  0,  9, 11, 0],
 [0, 12,  9,  0, 15, 0],
 [0,  8, 11, 15,  0, 0],
 [0,  0,  0,  0,  0, 0],
 ];