/*********************************************
 * OPL 12.8.0,0 Data
 * Author: lcres
 * Creation Date: 29/07/2020 at 15:09:23
 *********************************************/
 
 nL = 8;
 nT = 3;
 nV = 2;
 nE = 1;
 TC = 1;
 
qT = [3, 3, 2];
 
LE = [ 
[0,	0,	0,	0,	0	0,	0,	0],
[1,	1,	1,	0,	0,	0,	0,	0],
[0,	0,	0,	1,	1,	1,	0,	0],
[0,	0,	0,	0,	0,	0,	1,	1],
[0,	0,	0,	0,	0	0,	0,	0]
 ];
 
 Tida = [0.78, 0.78, 0.78, 1.57, 1.57, 1.57, 0.2, 0.2];
 
 
 De = [
 [0,  0,  0,  0, 0],
 [0,  0, 3.03, 1.24, 0],
 [0, 3.03,  0,  2.15, 0],
 [0, 1.24,  2.15,  0, 0],
 [0,  0,  0,  0, 0],
 ];
 