/*********************************************
 * OPL 20.1.0.0 Data
 * Author: gabid
 * Creation Date: 24 de mai de 2024 at 12:07:40
 *********************************************/
 nL = 8;
 nT = 3;
 nV = 3;
 nE = 2;
 TC = 1;
 
qT = [3, 3, 2];
 
LE = [ 
[0,	0,	0,	0,	0	0,	0,	0],
[1,	1,	1,	0,	0,	0,	0,	0],
[0,	0,	0,	1,	1,	1,	0,	0],
[0,	0,	0,	0,	0,	0,	1,	1],
[0,	0,	0,	0,	0	0,	0,	0]
 ];
 
 Tida = [0.78, 0.78, 0.78, 1.57, 1.57, 1.57, 0.2, 0.2];
 
 
 De = [
 [0,  0,  0,  0, 0],
 [0,  0, 3.03, 1.24, 0],
 [0, 3.03,  0,  2.15, 0],
 [0, 1.24,  2.15,  0, 0],
 [0,  0,  0,  0, 0],
 ];