
 nL = 22; //nº de lotes
 nT = 4;  //nº de talhões
 nV = 8;  //nº de veiculos
 nE = 3;  //nº de empilhadeiras
 TC = 0.5;  //Tempo de Carregamento
 
 qT = [7, 4, 5, 6]; //quantidade de lotes por talhão
 
LE = [ 
[0,	0,	0,	0,	0,	0,	0,	0,	0,	0,	0,	0,	0,	0,	0,	0,	0,	0,	0,	0,	0,	0],
[1,	1,	1,	1,	1,	1,	1,	0,	0,	0,	0,	0,	0,	0,	0,	0,	0,	0,	0,	0,	0,	0],
[0,	0,	0,	0,	0,	0,	0,	1,	1,	1,	1,	0,	0,	0,	0,	0,	0,	0,	0,	0,	0,	0],
[0,	0,	0,	0,	0,	0,	0,	0,	0,	0,	0,	1,	1,	1,	1,	1,	0,	0,	0,	0,	0,	0],
[0,	0,	0,	0,	0,	0,	0,	0,	0,	0,	0,	0,	0,	0,	0,	0,	1,	1,	1,	1,	1,	1],
[0,	0,	0,	0,	0,	0,	0,	0,	0,	0,	0,	0,	0,	0,	0,	0,	0,	0,	0,	0,	0,	0]
 ];
 
 Tida = [10, 10, 10, 10, 10, 10, 10, 10, 10, 10, 10, 2, 2, 2, 2, 2, 2, 2, 2, 2, 2, 2];  // 	tempo de ida do veículo
 
 
 De = [
 [0,  0,  0,  0,  0, 0],
 [0,  0, 1, 7,  10, 0],
 [0, 1,  0,  6, 9, 0],
 [0, 7,  6,  0, 3, 0],
 [0,  10, 9, 3,  0, 0],
 [0,  0,  0,  0,  0, 0],
 ];
 
 
