
 nL = 22; //nº de lotes
 nT = 4;  //nº de talhões
 nV = 8;  //nº de veiculos
 nE = 3;  //nº de empilhadeiras
 TC = 0.5;  //Tempo de Carregamento
 
 qT = [7, 4, 5, 6]; //quantidade de lotes por talhão
 
LE = [ 
[0,	0,	0,	0,	0,	0,	0,	0,	0,	0,	0,	0,	0,	0,	0,	0,	0,	0,	0,	0,	0,	0],
[1,	1,	1,	1,	1,	1,	1,	0,	0,	0,	0,	0,	0,	0,	0,	0,	0,	0,	0,	0,	0,	0],
[0,	0,	0,	0,	0,	0,	0,	1,	1,	1,	1,	0,	0,	0,	0,	0,	0,	0,	0,	0,	0,	0],
[0,	0,	0,	0,	0,	0,	0,	0,	0,	0,	0,	1,	1,	1,	1,	1,	0,	0,	0,	0,	0,	0],
[0,	0,	0,	0,	0,	0,	0,	0,	0,	0,	0,	0,	0,	0,	0,	0,	1,	1,	1,	1,	1,	1],
[0,	0,	0,	0,	0,	0,	0,	0,	0,	0,	0,	0,	0,	0,	0,	0,	0,	0,	0,	0,	0,	0]
 ];
 
 Tida = [4, 4, 4, 4, 4, 4, 4, 4, 4, 4, 4, 4, 4, 4, 4, 4, 4, 4, 4, 4, 4, 4];  // 	tempo de ida do veículo
 
 
 De = [
 [0,  0,  0,  0,  0, 0],
 [0,  0, 8, 8,  8, 0],
 [0, 8,  0,  8, 8, 0],
 [0, 8,  8,  0, 8, 0],
 [0,  8, 8, 8,  0, 0],
 [0,  0,  0,  0,  0, 0],
 ];
 
 
