
 nL = 22; //nº de lotes
 nT = 4;  //nº de talhões
 nV = 8;  //nº de veiculos
 nE = 3;  //nº de empilhadeiras
 TC = 0.5;  //Tempo de Carregamento
 
 qT = [7, 4, 5, 6]; //quantidade de lotes por talhão
 
LE = [ 
[0,	0,	0,	0,	0,	0,	0,	0,	0,	0,	0,	0,	0,	0,	0,	0,	0,	0,	0,	0,	0,	0],
[1,	1,	1,	1,	1,	1,	1,	0,	0,	0,	0,	0,	0,	0,	0,	0,	0,	0,	0,	0,	0,	0],
[0,	0,	0,	0,	0,	0,	0,	1,	1,	1,	1,	0,	0,	0,	0,	0,	0,	0,	0,	0,	0,	0],
[0,	0,	0,	0,	0,	0,	0,	0,	0,	0,	0,	1,	1,	1,	1,	1,	0,	0,	0,	0,	0,	0],
[0,	0,	0,	0,	0,	0,	0,	0,	0,	0,	0,	0,	0,	0,	0,	0,	1,	1,	1,	1,	1,	1],
[0,	0,	0,	0,	0,	0,	0,	0,	0,	0,	0,	0,	0,	0,	0,	0,	0,	0,	0,	0,	0,	0]
 ];
 
 Tida = [1, 1, 1, 1, 1, 1, 1, 12, 12, 12, 12, 2, 2, 2, 2, 2, 2, 2, 2, 2, 2, 2];  // 	tempo de ida do veículo
 
 
 De = [
 [0,  0,  0,  0,  0, 0],
 [0,  0, 15, 1,  2, 0],
 [0, 15,  0,  4, 13, 0],
 [0, 1,  14,  0, 1, 0],
 [0,  2, 13, 1,  0, 0],
 [0,  0,  0,  0,  0, 0],
 ];
 
 
